p 1.6484999999999999 0.0 -3.14
p 1.6484999999999999 2.2203152929257595 -2.2203152929257595
p 1.6484999999999999 3.14 0.0
p 1.6484999999999999 2.2203152929257595 2.2203152929257595
p 1.6484999999999999 0.0 3.14
p 1.6484999999999999 -2.2203152929257595 2.2203152929257595
p 1.6484999999999999 -3.14 0.0
p 1.6484999999999999 -2.2203152929257595 -2.2203152929257595
p 3.937499999999999 0.0 -7.5
p 3.937499999999999 5.303300858899107 -5.303300858899107
p 3.937499999999999 7.5 0.0
p 3.937499999999999 5.303300858899107 5.303300858899107
p 3.937499999999999 0.0 7.5
p 3.937499999999999 -5.303300858899107 5.303300858899107
p 3.937499999999999 -7.5 0.0
p 3.937499999999999 -5.303300858899107 -5.303300858899107

e 1 9 10
e 1 2 10
e 2 10 11
e 2 3 11
e 3 11 12
e 3 4 12
e 4 12 13
e 4 5 13
e 5 13 14
e 5 6 14
e 6 14 15
e 6 7 15
e 7 15 16
e 7 8 16
e 8 16 9
e 8 1 9
